198 5.05
346 9.35
495 8.85
642 9.01
779 10.00
922 9.35
1072 8.77
1217 9.17
1364 9.01
1505 9.62
1655 8.77
1799 9.26
1943 9.35
2088 9.17
2232 9.17
2378 9.09
2525 9.01
2670 9.17
2804 10.20
2946 9.43
3084 9.71
3218 10.20
3353 10.20
3495 9.43
3636 9.62
3773 9.80
3917 9.17
4055 9.90
4190 10.10
4325 10.10
4459 10.20
4585 11.11
4722 9.80
4868 9.17
5001 10.31
5148 9.09
5291 9.35
5436 9.17
5560 11.24
5692 10.53
5822 10.64
5968 9.09
6105 9.90
6237 10.31
6377 9.62
6516 9.71
6657 9.52
6795 10.00
6923 10.87
7079 8.40
7212 10.20
7348 10.10
7494 9.09
7621 10.99
7759 9.90
7896 9.90
8042 9.09
8183 9.52
8324 9.62
8457 10.20
8585 10.87
8722 9.90
8853 10.53
8992 9.71
9138 9.01
9275 10.10
9411 10.10
9548 9.80
9686 9.71
9829 9.35
9973 9.17
10117 9.17
10257 9.62
10395 9.80
10563 7.63
10709 9.26
10852 9.26
10989 9.80
11132 9.35
11273 9.52
11421 8.85
11580 8.20
11714 10.20
11848 10.20
11990 9.43
12142 8.70
12274 10.20
12409 10.10
12555 9.09
12692 9.90
12831 9.62
12966 10.10
13108 9.35
13242 10.10
13376 10.31
13521 9.26
13656 10.10
13803 9.01
13953 8.85
14093 9.43
14236 9.35
14373 9.80
14530 8.26
14664 10.20
14804 9.52
14934 10.64
15071 10.00
15209 9.71
15353 9.17
15491 9.80
15617 11.11
15763 9.09
15899 10.10
16029 10.64
16162 10.31
16303 9.52
16441 9.71
16582 9.62
16721 9.62
16870 8.85
17010 9.71
17152 9.35
17295 9.35
17439 9.26
17581 9.35
17728 9.09
17870 9.43
18027 8.20
18163 10.10
18300 9.80
18457 8.26
18595 9.80
18730 10.00
18876 9.17
19012 9.90
19158 9.09
19302 9.26
19455 8.55
19597 9.35
19745 9.01
19888 9.35
20026 9.71
20186 8.13
20342 8.33
20474 10.42
20623 8.85
20770 9.01
20912 9.62
21086 7.25
21226 9.71
21373 9.01
21510 9.90
21651 9.52
21818 7.63
21952 10.20
22102 8.77
22245 9.35
22397 8.77
22539 9.43
22674 10.20
22821 9.09
22955 10.31
23102 9.01
23242 9.71
23379 9.90
23513 10.20
23644 10.53
23789 9.17
23931 9.52
24071 9.71
24225 8.47
24355 10.64
24492 10.00
24635 9.26
24781 9.09
24920 9.71
25072 8.62
25217 9.09
25359 9.43
25507 9.09
25645 9.80
25776 10.53
25917 9.52
26052 10.10
26202 8.77
26344 9.35
26479 10.00
26615 10.00
26760 9.17
26899 9.71
27039 9.71
27170 10.53
27305 10.00
27440 10.10
27581 9.43
27711 10.64
27839 10.87
27970 10.64
28108 9.90
28256 9.01
28390 10.10
28526 10.00
28658 10.42
28793 10.10
28927 10.10
29067 9.71
29202 10.10
29344 9.43
29490 9.01
29634 9.26
29762 10.87
29898 10.00
30027 10.75
30157 10.64
30296 9.80
30431 10.10
30566 10.10
30715 8.93
30850 10.10
30992 9.62
31133 9.43
31274 9.62
31412 9.80
31547 10.20
31688 9.62
31818 10.64
31952 10.20
32093 9.52
32250 8.26
32392 9.43
32540 8.93
32675 10.10
32821 9.09
32958 9.80
33096 9.80
33245 8.77
33391 9.09
33519 10.87
33665 9.09
33801 10.10
33936 10.00
34076 9.71
34210 10.20
34348 9.71
34499 8.77
34633 10.10
34768 10.10
34910 9.43
35052 9.43
35193 9.43
35340 8.93
35472 10.42
35623 8.70
35765 9.43
35894 10.75
36034 9.62
36170 10.00
36304 10.20
36445 9.43
36606 8.00
36749 9.52
36883 10.10
37012 10.75
37149 9.80
37285 10.10
37434 8.85
37568 10.31
37712 9.35
37842 10.53
37983 9.52
38134 8.70
38270 9.90
38406 9.90
38545 9.62
38685 9.62
38821 10.00
38958 9.90
39115 8.26
39272 8.33
39420 8.85
39545 11.24
39692 8.93
39825 10.31
39972 8.93
40109 9.80
40253 9.43
40387 10.10
40528 9.52
40675 8.93
40813 9.90
40955 9.35
41100 9.17
41249 9.01
41399 8.77
41538 9.80
41671 10.10
41808 9.90
41949 9.62
42093 9.26
42236 9.35
42388 8.55
42522 10.20
42665 9.26
42800 10.00
42938 9.80
43076 9.80
43221 9.17
43362 9.62
43498 9.90
43638 9.62
43797 8.26
43937 9.62
44080 9.35
44215 10.00
44361 9.09
44502 9.52
44635 10.31
44764 10.99
44901 9.80
45031 10.75
45172 9.52
45304 10.31
45439 10.00
45580 9.52
45720 9.62
45868 8.85
46009 9.43
46146 9.90
46282 10.10
46419 9.80
46559 9.62
46693 10.10
46831 9.80
46970 9.71
47110 9.62
47253 9.35
47380 10.87
47524 9.26
47671 9.01
47811 9.71
47957 9.09
48113 8.40
48244 10.42
48389 9.17
48523 10.20
48653 10.64
48796 9.35
48930 10.10
49074 9.26
49209 10.10
49354 9.17
49501 9.01
49646 9.17
49788 9.43
49930 9.43
50056 11.11
50197 9.52
50332 10.00
50475 9.35
50615 9.71
50753 9.80
50889 10.00
51021 10.42
51154 10.31
51294 9.62
51428 10.10
51562 10.31
51696 10.31
51834 9.90
51970 10.00
52130 8.06
52277 9.09
52413 9.90
52555 9.52
52693 9.90
52833 9.52
52978 9.17
53127 8.77
53280 8.62
53410 10.75
53540 10.53
53678 9.71
53817 9.80
53953 9.90
54106 8.55
54243 10.00
54378 10.20
54506 10.75
54639 10.53
54774 10.20
54907 10.31
55040 10.31
55184 9.35
55325 9.62
55459 10.20
55593 10.20
55722 10.64
55873 8.70
56015 9.43
56151 10.00
56284 10.20
56434 8.70
56584 8.77
56731 9.01
56893 7.94
57031 9.71
57173 9.43
57317 9.26
57458 9.62
57594 9.90
57738 9.26
57882 9.43
58020 9.90
58159 9.62
58298 9.71
58432 10.20
58569 9.90
58702 10.20
58839 9.90
58973 10.31
59125 8.70
59270 9.26
59427 8.33
59580 8.47
59718 9.71
59867 8.93
59999 10.31
60121 11.76
